,close,predicted,date
0,4.39443063791505,4.36131103604329,2023-01-01
1,4.850109759930533,4.7894734595624575,2023-01-02
2,4.374401999388439,4.342491849477503,2023-01-03
3,4.494974713275296,4.455783643843113,2023-01-04
4,4.396470260583059,4.36322749379263,2023-01-05
5,4.394538012992013,4.361411927154944,2023-01-06
6,4.414861459432935,4.3805081193261355,2023-01-07
7,4.4260236737802865,4.390996290751817,2023-01-08
8,4.320533626404688,4.291876379043522,2023-01-09
9,4.190479497871695,4.169675715964936,2023-01-10
10,4.11578875669382,4.099495259560188,2023-01-11
11,3.917441673959408,3.913125589460101,2023-01-12
12,4.013741338800419,4.003610090264178,2023-01-13
13,4.054575468428356,4.041978404850246,2023-01-14
14,4.113733514486854,4.097564125475392,2023-01-15
15,4.167362954996384,4.147955091642496,2023-01-16
16,4.156073853963226,4.137347695726855,2023-01-17
17,4.041073477243086,4.029291746653904,2023-01-18
18,3.945589531436204,3.939573706768683,2023-01-19
19,3.9464027555732275,3.940337823447613,2023-01-20
20,3.9262659452980175,3.9214169972064523,2023-01-21
21,4.101240889475154,4.085825881736097,2023-01-22
22,4.09348594890081,4.078539232007946,2023-01-23
23,4.106527094691945,4.090792873479828,2023-01-24
24,4.007233136414293,3.9974948930304923,2023-01-25
25,3.824389056217151,3.8256920591480106,2023-01-26
26,3.871474983103264,3.869934649153088,2023-01-27
27,3.9158214556630933,3.9116032098757305,2023-01-28
28,3.7348787714641114,3.7415869540463333,2023-01-29
29,3.845711353430006,3.845726785359017,2023-01-30
30,3.7500815523385365,3.7558716978253197,2023-01-31
31,3.799881986201458,3.802664876237233,2023-02-01
32,3.928401003015742,3.9234231270522324,2023-02-02
33,3.793604628270979,3.7967665836559905,2023-02-03
34,3.7415300547067285,3.747836592037373,2023-02-04
35,3.820260410406486,3.821812726278144,2023-02-05
36,3.8629044274140356,3.8618816361500445,2023-02-06
37,3.847414327844157,3.847326923739571,2023-02-07
38,3.783032105739217,3.786832494839526,2023-02-08
39,3.763146946190793,3.768148123111762,2023-02-09
40,3.8981816934621305,3.8950286446403073,2023-02-10
41,4.029644210380494,4.018552648980764,2023-02-11
42,4.060614361060512,4.047652632129564,2023-02-12
43,3.926881230630825,3.921995127839441,2023-02-13
44,4.029835040546836,4.018731955651959,2023-02-14
45,3.9187368615827873,3.9143425657158604,2023-02-15
46,3.8898438933417503,3.887194331998178,2023-02-16
47,3.8424330627163266,3.842646457933084,2023-02-17
48,3.750507059287831,3.7562715100568487,2023-02-18
49,3.754271786176439,3.7598088996598324,2023-02-19
50,3.900147986709889,3.8968762010492686,2023-02-20
51,3.8502434035120676,3.8499851624776857,2023-02-21
52,3.621902447146398,3.6354328326852148,2023-02-22
53,3.671903488842351,3.682414504999565,2023-02-23
54,3.668729756776991,3.6794324223298682,2023-02-24
55,3.717001062867567,3.7247888110771985,2023-02-25
56,3.7956186191580543,3.7986589574284415,2023-02-26
57,3.7623524970149607,3.767401647646784,2023-02-27
58,3.6444660401168796,3.656633897607415,2023-02-28
59,3.8142084575767723,3.81612622745605,2023-03-01
60,3.70999314204094,3.718204071465501,2023-03-02
61,3.658583869089848,3.669899205531024,2023-03-03
62,3.6065461109121792,3.6210038061602843,2023-03-04
63,3.5145247489978715,3.5345392581281154,2023-03-05
64,3.777893136971809,3.7820038485058722,2023-03-06
65,3.6895640427176897,3.6990086063806213,2023-03-07
66,3.628129785789686,3.641284126450423,2023-03-08
67,3.6129475568004525,3.6270186935078264,2023-03-09
68,3.6009222795200917,3.61571957617922,2023-03-10
69,3.4823479600860203,3.504305500960073,2023-03-11
70,3.3191566683605562,3.3509686997185537,2023-03-12
71,3.4555406225516108,3.479116954782969,2023-03-13
72,3.5307426212980384,3.5497777958905012,2023-03-14
73,3.455180168861738,3.4787782674963106,2023-03-15
74,3.4432539007198337,3.467572180527499,2023-03-16
75,3.4572615420557975,3.480733954619027,2023-03-17
76,3.538325687098173,3.556902949696825,2023-03-18
77,3.5750217965179356,3.5913831230991,2023-03-19
78,3.73913487188935,3.745586045039906,2023-03-20
79,3.811436278952684,3.8135214499694983,2023-03-21
80,3.865124517510576,3.8639676635983973,2023-03-22
81,3.9126371328720255,3.9086111760132605,2023-03-23
82,4.022484593329926,4.0118253734929565,2023-03-24
83,4.0526916623466684,4.0402083545266585,2023-03-25
84,4.222879367877116,4.200119083222732,2023-03-26
85,4.201684471666807,4.180204064760826,2023-03-27
86,4.197103047244793,4.175899294827495,2023-03-28
87,4.146512373480697,4.128363596043456,2023-03-29
88,4.122654593487638,4.10594649504389,2023-03-30
89,4.16244870478017,4.14333759397649,2023-03-31
90,4.065738957630496,4.0524677741471695,2023-04-01
91,4.2013890379227155,4.17992647111708,2023-04-02
92,4.162754370617466,4.1436248018369355,2023-04-03
93,4.084317698509272,4.069924616772321,2023-04-04
94,4.115197075604581,4.098939307801857,2023-04-05
95,4.0550676107851045,4.042440828634881,2023-04-06
96,4.082227675844137,4.06796080248661,2023-04-07
97,4.119822877164024,4.103285775109049,2023-04-08
98,4.11095996453709,4.094958059472215,2023-04-09
99,4.126983647508678,4.110014134247976,2023-04-10
100,4.100186553465229,4.08483521299706,2023-04-11
101,4.149659111472344,4.1313203147070725,2023-04-12
102,4.3160510534067305,4.2876644912793465,2023-04-13
103,4.3470045593152005,4.316748834769929,2023-04-14
104,4.358434293911817,4.3274883719324455,2023-04-15
105,4.460825840311,4.423696889145705,2023-04-16
106,4.262553855826656,4.237397782403029,2023-04-17
107,4.176332831427169,4.156383311953063,2023-04-18
108,4.203445576344428,4.181858823143228,2023-04-19
109,4.237802691247061,4.214141244854307,2023-04-20
110,4.051846521161543,4.0394142481466275,2023-04-21
111,3.917517838315924,3.913197154545917,2023-04-22
112,3.908470056426061,3.9046957331854166,2023-04-23
113,3.943399264181283,3.937515701275972,2023-04-24
114,3.9322002320355587,3.92699293533626,2023-04-25
115,4.248018192537497,4.223739871560378,2023-04-26
116,4.2811633079002345,4.2548834816927945,2023-04-27
117,4.7770399311921645,4.720816034968649,2023-04-28
118,4.680462508617265,4.630070549145187,2023-04-29
119,4.526981487469017,4.48585765282382,2023-04-30
120,4.376712320419052,4.3446626591630535,2023-05-01
121,4.455651998161616,4.418835475298637,2023-05-02
122,4.361733092383336,4.330587968732096,2023-05-03
123,4.562051830769709,4.5188102338305125,2023-05-04
124,4.440500290046791,4.404598720192973,2023-05-05
125,4.347602840893402,4.317310988439241,2023-05-06
126,4.59278539636282,4.547687918350113,2023-05-07
127,4.256221843652468,4.2314481359363185,2023-05-08
128,4.426133039727357,4.391099052512638,2023-05-09
129,4.326967095561453,4.297921355898315,2023-05-10
130,4.162681430481274,4.143556266273258,2023-05-11
131,4.344220463862173,4.314132860065614,2023-05-12
132,4.082826895376879,4.068523837471018,2023-05-13
133,4.104247729422871,4.088651150257189,2023-05-14
134,3.8967897554796207,3.893720760405138,2023-05-15
135,4.022902076262013,4.01221764624662,2023-05-16
136,4.056350804681259,4.043646535418182,2023-05-17
137,4.073190909350671,4.059469731345352,2023-05-18
138,4.04408952947212,4.032125671162298,2023-05-19
139,4.057627027793436,4.044845692356169,2023-05-20
140,3.9896731124734544,3.9809952509702877,2023-05-21
141,3.837491007274683,3.8380028340915944,2023-05-22
142,3.911210234896329,3.9072704428835827,2023-05-23
143,3.8613613792535366,3.8604317666956707,2023-05-24
144,3.794843126670761,3.797930293930953,2023-05-25
145,3.8607222705085635,3.8598312512541697,2023-05-26
146,3.9312708584535536,3.92611968302778,2023-05-27
147,3.839930065178723,3.8402946067290555,2023-05-28
148,3.8747400749340413,3.873002574725571,2023-05-29
149,3.652753691706265,3.664421089994239,2023-05-30
150,3.6954316411890424,3.7045218832905222,2023-05-31
151,3.711066745760953,3.7192128444121892,2023-06-01
152,3.7743706721040153,3.7786940916579286,2023-06-02
153,3.7136020161801597,3.7215950196634116,2023-06-03
154,3.7816054323243167,3.785491972710287,2023-06-04
155,3.738664234474658,3.7451438275971096,2023-06-05
156,3.6972306256991474,3.7062122340889374,2023-06-06
157,3.632741549119956,3.6456174032427664,2023-06-07
158,3.5911049091636613,3.606495038820996,2023-06-08
159,3.594522928988896,3.609706657658252,2023-06-09
160,3.6450706956730183,3.657202040354806,2023-06-10
161,3.5522480010633326,3.5699845490072164,2023-06-11
162,3.338618452466594,3.3692552620082448,2023-06-12
163,3.3927927280517314,3.420158162769495,2023-06-13
164,3.4258213700986,3.4511923329587844,2023-06-14
165,3.5284189272613733,3.5475944207429744,2023-06-15
166,3.550042480468956,3.5679122112651824,2023-06-16
167,3.62136430703203,3.63492718876951,2023-06-17
168,3.6254989035435163,3.6388121130004074,2023-06-18
169,3.5091728664577406,3.5295105550604013,2023-06-19
170,3.5177718830815405,3.5375903103523343,2023-06-20
171,3.4968684554940688,3.517949159851247,2023-06-21
172,3.4206974766453113,3.4463778515993777,2023-06-22
173,3.5987465142595076,3.613675196961537,2023-06-23
174,3.534169324337702,3.5529975735964743,2023-06-24
175,3.5779683508369433,3.5941517464072668,2023-06-25
176,3.668148361683818,3.6788861354361124,2023-06-26
177,3.5889943941540157,3.604511969644145,2023-06-27
178,3.577890744169236,3.59407882610585,2023-06-28
179,3.3936992930809913,3.42100998384545,2023-06-29
180,3.597696919371714,3.612688983046615,2023-06-30
181,3.5686090952138936,3.585357660006784,2023-07-01
182,3.4813350937463503,3.5033537976984093,2023-07-02
183,3.435047002168458,3.459860864815269,2023-07-03
184,3.384208913678236,3.41209269172281,2023-07-04
185,3.4641611748591417,3.4872169453020447,2023-07-05
186,3.39544254367925,3.4226479662872404,2023-07-06
187,3.313550606265836,3.3457011660157634,2023-07-07
188,3.2946283065889066,3.327921510778553,2023-07-08
189,2.922205778134925,2.977988137375997,2023-07-09
190,2.8761713014137915,2.934733504530019,2023-07-10
191,2.8819550586213394,2.940168003025533,2023-07-11
192,2.8321628125399916,2.8933825179667547,2023-07-12
193,2.9761942571887317,3.028716461139328,2023-07-13
194,3.012254250099222,3.0625989306462693,2023-07-14
195,2.9888976635132734,3.0406527579238,2023-07-15
196,3.0142588385599822,3.064482469768539,2023-07-16
197,3.0059914624160053,3.05671432847145,2023-07-17
198,3.000179493059653,3.0512533214496043,2023-07-18
199,3.019830306839362,3.0697174986426035,2023-07-19
200,3.0322618239436063,3.081398324544459,2023-07-20
201,2.9479845749220215,3.002210252400605,2023-07-21
202,2.954869675517558,3.0086795884195983,2023-07-22
203,3.0652243527776846,3.1123703738419906,2023-07-23
204,3.0059230635770597,3.0566500599736544,2023-07-24
205,3.0434196906082036,3.0918824108271203,2023-07-25
206,3.2163086487068138,3.254331273903822,2023-07-26
207,2.9875580937240716,3.039394079569433,2023-07-27
208,3.050130205168486,3.0981877033858027,2023-07-28
209,3.0744750929806868,3.1210624976486394,2023-07-29
210,3.0610031528681163,3.1084040758570275,2023-07-30
211,3.1180433580945155,3.1619998438609342,2023-07-31
212,3.0818863649504835,3.1280262315891205,2023-08-01
213,3.1795652318790233,3.2198066498047893,2023-08-02
214,3.2726134906730757,3.307236084388686,2023-08-03
215,3.170601010340339,3.2113837429092755,2023-08-04
216,3.214953512293938,3.253057968933935,2023-08-05
217,3.1991490314302484,3.2382078594991874,2023-08-06
218,3.137046163454112,3.1798551433542284,2023-08-07
219,3.12314385729419,3.166792343655156,2023-08-08
220,3.213750105151557,3.251927230891158,2023-08-09
221,3.19694708978852,3.236138884590703,2023-08-10
222,3.1497449341033708,3.1917870843939062,2023-08-11
223,3.284413726242635,3.318323749404394,2023-08-12
224,3.2898058103679952,3.3233902264392032,2023-08-13
225,3.3183299474515415,3.3501919012854544,2023-08-14
226,3.4637059453657164,3.4867892053557856,2023-08-15
227,3.3569488392656424,3.3864787476953015,2023-08-16
228,3.3785422741866356,3.406768238657676,2023-08-17
229,3.434857885811364,3.459683168463015,2023-08-18
230,3.3863627863673282,3.41411650037666,2023-08-19
231,3.78805898435156,3.7915558197087407,2023-08-20
232,4.1401878268788606,4.122420964332078,2023-08-21
233,3.912177649589304,3.9081794391475766,2023-08-22
234,3.7990119767344686,3.8018474032746292,2023-08-23
235,4.049575384397405,4.037280256541361,2023-08-24
236,3.70789941601924,3.716236777454594,2023-08-25
237,3.616952064039995,3.6307813840544085,2023-08-26
238,3.6782302031943526,3.688359173559066,2023-08-27
239,3.6451703952839516,3.6572957194921174,2023-08-28
240,3.656329733625962,3.6677811885832887,2023-08-29
241,3.6619240610430195,3.673037696220182,2023-08-30
242,3.981224566776154,3.9730568802479933,2023-08-31
243,3.9620886632137315,3.955076519837192,2023-09-01
244,3.7995633926870966,3.8023655213521046,2023-09-02
245,4.2017070584668765,4.180225287631461,2023-09-03
246,4.549376076506806,4.5068999193067025,2023-09-04
247,5.116236900871901,5.039530212493551,2023-09-05
248,5.616973019177321,5.510028814687452,2023-09-06
249,6.191242136826622,6.049620043000484,2023-09-07
250,5.610544410188733,5.503988404514089,2023-09-08
251,6.0887081092045605,5.9532776484539305,2023-09-09
252,6.720786511145069,6.547187282127634,2023-09-10
253,6.611376695727525,6.4443843019981895,2023-09-11
254,6.122137937582059,5.984688778884113,2023-09-12
255,5.622606107720481,5.515321742816065,2023-09-13
256,4.9306154765158,4.865117747516303,2023-09-14
257,4.464654142527034,4.427294015008156,2023-09-15
258,4.402464076006989,4.368859365901859,2023-09-16
259,4.346599389553512,4.316368131641961,2023-09-17
260,4.384020510236304,4.351529535683209,2023-09-18
261,4.2451813317990865,4.221074317862039,2023-09-19
262,4.1540109135223995,4.135409328274747,2023-09-20
263,4.147280987609804,4.1290857965401875,2023-09-21
264,4.121217873906847,4.104596533397833,2023-09-22
265,4.240235260745859,4.216426920896206,2023-09-23
266,4.464043541202962,4.426720285534744,2023-09-24
267,4.45305927264377,4.416399314439805,2023-09-25
268,4.444885748160604,4.408719357464979,2023-09-26
269,4.341128313072277,4.311227432293912,2023-09-27
270,4.489461507525993,4.450603359250437,2023-09-28
271,4.3773392751533855,4.345251754527577,2023-09-29
272,4.291373323287877,4.264476953768507,2023-09-30
273,4.175258558146899,4.15537390987827,2023-10-01
274,4.1779633856290745,4.15791540329769,2023-10-02
275,4.222254642356744,4.199532082458568,2023-10-03
276,4.208507444563306,4.186615024732065,2023-10-04
277,4.125767164739547,4.108871110164939,2023-10-05
278,4.096035882356372,4.080935184851511,2023-10-06
279,4.124525896813178,4.107704797604381,2023-10-07
280,4.118127300249888,4.101692587522115,2023-10-08
281,4.159378631847974,4.140452910866113,2023-10-09
282,4.143917806687023,4.125925705096318,2023-10-10
283,4.2154605378717624,4.193148247647208,2023-10-11
284,4.127564372930869,4.110559791909587,2023-10-12
285,4.257923460023552,4.233046998280769,2023-10-13
286,4.25691363188134,4.232098149751579,2023-10-14
287,4.361070306719561,4.3299652061292795,2023-10-15
288,4.116508259674354,4.100171314540525,2023-10-16
289,3.8105036692931455,3.8126451569976822,2023-10-17
290,4.22665976766374,4.203671199298081,2023-10-18
291,4.290131749090563,4.263310353431521,2023-10-19
292,4.176201551829009,4.156259959821725,2023-10-20
293,4.048400751070711,4.036176554774908,2023-10-21
294,3.9916570787689327,3.98285941322002,2023-10-22
295,4.109023963093888,4.093138965662975,2023-10-23
296,3.88762440483818,3.885108869814924,2023-10-24
297,3.7431852463146074,3.7493918330303844,2023-10-25
298,3.8445547092910024,3.844639986482837,2023-10-26
299,3.6156968874111604,3.6296020026840936,2023-10-27
300,3.7351631162352796,3.7418541283373123,2023-10-28
301,3.7720481530114185,3.7765118205041452,2023-10-29
302,3.8455159629562763,3.8455431937597475,2023-10-30
303,3.778919642678406,3.7829683675058847,2023-10-31
304,3.985332533947085,3.9769167831811436,2023-11-01
305,3.8797470836639256,3.877707229577623,2023-11-02
306,3.8972770759750914,3.8941786535020357,2023-11-03
307,3.920943773894053,3.9164162111343876,2023-11-04
308,3.834213859218329,3.8349235803223336,2023-11-05
309,3.8426279214437864,3.8428295498961833,2023-11-06
310,3.717899764759091,3.725633243839872,2023-11-07
311,3.9461743634004263,3.9401232229941474,2023-11-08
312,3.942171796520265,3.9363623556361533,2023-11-09
313,3.6243389949178986,3.637722246767325,2023-11-10
314,3.7177332295187733,3.725476765018151,2023-11-11
315,3.840722078793672,3.841038793707245,2023-11-12
316,3.857765498316787,3.8570530270910224,2023-11-13
317,3.7835118688102867,3.7872832868756316,2023-11-14
318,3.9056133132325286,3.9020114976564666,2023-11-15
319,3.9192354021089884,3.914811001309259,2023-11-16
320,4.032590720301092,4.021321230571569,2023-11-17
321,4.0412435881607625,4.0294515852316675,2023-11-18
322,3.996875969306428,3.9877631551573987,2023-11-19
323,4.024527302427609,4.013744731294429,2023-11-20
324,3.954577215238107,3.9480186591321487,2023-11-21
325,3.980073562825145,3.9719753809706853,2023-11-22
326,4.0941444868946295,4.079158003441156,2023-11-23
327,4.106188228590855,4.090474470191019,2023-11-24
328,4.524913663151262,4.483914696413208,2023-11-25
329,4.296692357266011,4.269474791871744,2023-11-26
330,4.2758848619628,4.249923780675573,2023-11-27
331,4.287144702002528,4.260503682555923,2023-11-28
332,4.224375255086393,4.2015246395931936,2023-11-29
333,4.108317700468746,4.092475351504213,2023-11-30
334,3.664741542023424,3.6756850404290926,2023-12-01
335,3.750746128374195,3.756496142686392,2023-12-02
336,3.7954185366377287,3.7984709571171096,2023-12-03
337,3.806003334903655,3.8084165803836645,2023-12-04
338,3.8066418004879163,3.80901649150244,2023-12-05
339,4.25090528018049,4.226452619154932,2023-12-06
340,4.1540754134913955,4.135469933340259,2023-12-07
341,4.233021455010539,4.209648728968585,2023-12-08
342,4.086296368488185,4.071783802529545,2023-12-09
343,4.166683818700659,4.147316965759108,2023-12-10
344,4.039547138998447,4.027857578068247,2023-12-11
345,4.069930117862942,4.056405846434844,2023-12-12
346,4.0239894373872165,4.013239345842047,2023-12-13
347,4.1270931478485124,4.1101170222861025,2023-12-14
348,3.9502515909640468,3.943954242565897,2023-12-15
349,3.872894149395094,3.871268117485363,2023-12-16
350,3.9084846330611285,3.90470942959391,2023-12-17
351,3.8536986911767612,3.8532317986938187,2023-12-18
352,3.797195173576198,3.800140309827245,2023-12-19
353,3.782705535151527,3.7865256445856526,2023-12-20
354,3.84353918343109,3.8436857842990655,2023-12-21
355,3.773113674114826,3.7775129989121616,2023-12-22
356,3.7301454715517393,3.7371394797956796,2023-12-23
357,3.769063785521756,3.7737076674163452,2023-12-24
358,4.064891465059048,4.051671458371936,2023-12-25
